AnalyticalFreq                                                                  
                                                                                
End                                                                             
General                         
runtype                         
       160       160         3
GeoOpt                          
Gradients_CART                  
        12        12         2
  -0.423633943396989706E-013  -0.452682680816961032E-013  -0.261835253558828640E-004
  -0.484981850082801746E-014  -0.107754737579409469E-013  -0.841805126587935604E-004
   0.252277895628684092E-013   0.146702158537181937E-004   0.551795684292644140E-004
   0.219854232776588817E-013  -0.146702157977074421E-004   0.551844695853564993E-004
Geometry                        
mass                            
         3         3         2
   0.120000000000000000E+002   0.159949139999999996E+002   0.100782499999999997E+001
Geometry                        
xyz                             
        12        12         2
   0.000000000000000000E+000   0.000000000000000000E+000  -0.982650668597182420E+000
   0.000000000000000000E+000   0.000000000000000000E+000   0.130996427255571302E+001
   0.000000000000000000E+000  -0.179425166205248154E+001  -0.209690993366922251E+001
   0.000000000000000000E+000   0.179425166205248154E+001  -0.209690993366922251E+001
Geometry                        
xyz InputOrder                  
        12        12         2
   0.000000000000000000E+000   0.000000000000000000E+000  -0.982650668597182420E+000
   0.000000000000000000E+000   0.000000000000000000E+000   0.130996427255571302E+001
   0.000000000000000000E+000  -0.179425166205248154E+001  -0.209690993366922251E+001
   0.000000000000000000E+000   0.179425166205248154E+001  -0.209690993366922251E+001
Geometry                        
ntyp                            
         1         1         1
           3
Geometry                        
nqptr                           
         4         4         1
           1           2           3           5
Geometry                        
nnuc                            
         1         1         1
           4
Geometry                        
qtch                            
         3         3         2
   0.600000000000000000E+001   0.800000000000000000E+001   0.100000000000000000E+001
Geometry                        
qeff                            
         3         3         2
   0.600000000000000000E+001   0.800000000000000000E+001   0.100000000000000000E+001
Geometry                        
atom order index                
         8         8         1
           1           2           3           4           1           2           3           4
Freq                            
Frequencies                     
        12        12         2
   0.000000000000000000E+000   0.000000000000000000E+000   0.000000000000000000E+000
   0.000000000000000000E+000   0.000000000000000000E+000   0.000000000000000000E+000
   0.115075037834427735E+004   0.122076432543477085E+004   0.147603930700844603E+004
   0.174704231359736514E+004   0.278554199242464983E+004   0.283620089587544908E+004
Freq                            
Zero-Point Energy               
         1         1         2
   0.255527015944189070E-001
Freq                            
NormalModes_RAW                 
       144       144         2
  -0.240194278154464529E-001  -0.276577971479452511E+000   0.524425533672850053E+000
   0.430538526447882888E-001  -0.468470595279483870E+000   0.605458193112383469E+000
   0.287379633950579361E-001  -0.619559740292655592E-001   0.122677823706680650E+000
  -0.599310795691681553E-001  -0.619559740292655869E-001   0.181281706832300077E+000
  -0.229497627668616595E-001  -0.265054897979108972E-001  -0.149323504922888206E+000
   0.726759351338617132E+000  -0.250881647282340026E+000  -0.172396524720360933E+000
   0.306410261582864496E+000   0.191926893937545140E-001  -0.865486127971616670E-001
  -0.503505026198798999E+000   0.191926893937545209E-001   0.000000000000000000E+000
   0.175897184488444693E-001   0.742219309105302760E+000   0.840704389707720712E-001
  -0.315288587213077565E-001  -0.279172066905683192E+000   0.970607508694684706E-001
  -0.210451593100479013E-001   0.353697312618751036E+000  -0.198819421884923242E+000
   0.438882567918226218E-001   0.353697312618750981E+000   0.247547047679175486E+000
   0.470360579314782479E+000  -0.223902083620921871E+000  -0.242703024623908914E+000
  -0.270305344070367742E-001  -0.616531946208270343E+000  -0.280204767534014243E+000
  -0.231846310390241284E-001  -0.212076175180205551E-001  -0.140671826004366424E+000
   0.434903904502362437E+000  -0.212076175180206904E-001   0.000000000000000000E+000
  -0.111173188734015105E+000  -0.653176599383549772E-001  -0.112544384274868819E+000
  -0.667055687301444933E+000  -0.241434749839885970E+000  -0.129934404739559806E+000
   0.504707701958615140E+000   0.132562000909630662E-002  -0.652312597546561290E-001
  -0.437701282664629154E+000   0.132562000909636668E-002   0.000000000000000000E+000
   0.707229819086013900E+000   0.109930564477010939E+000   0.154598549332489593E+000
   0.450236751138630500E-001   0.354979009254909272E+000   0.178486653159487418E+000
   0.540934219848818398E+000   0.403473533716023833E-002   0.896060535954484733E-001
   0.572205873991751893E-001   0.403473533716026435E-002   0.000000000000000000E+000
   0.514601212406452513E+000   0.798844324023662011E-011  -0.149288914563783237E-011
  -0.145780900702916355E+000  -0.485400608596364691E-011  -0.165760738468634372E-010
  -0.597466953554778635E+000  -0.178189685229313000E-010   0.453931275511312683E-010
  -0.597466953554778080E+000   0.959089252813688536E-011   0.257941646806507550E-010
  -0.910320989234276432E-011   0.440185011072916355E+000  -0.533530194024578464E-006
   0.257884741874365033E-011  -0.274286600458022833E+000  -0.990683298965344683E-006
   0.105692168610768861E-010  -0.213107269640899932E+000   0.565766462751773558E+000
   0.105691254359552289E-010  -0.213102033443567429E+000  -0.565760675045919426E+000
  -0.287187310509220913E-010  -0.251051883545794219E-005   0.264531556327575468E-001
   0.813571203402202606E-011   0.148379310713209200E-005  -0.316101663442869052E+000
   0.333434759159928049E-010  -0.329587944490638884E+000   0.584001242607144588E+000
   0.333433280985673264E-010   0.329590696208841516E+000   0.584007086745986004E+000
  -0.979204546254393616E-012  -0.588852444666221331E-006  -0.751505649524558561E+000
   0.277389619817206045E-012   0.320593245634742674E-006   0.605797656221787495E+000
   0.113660553095923186E-011  -0.161379974636642637E+000   0.898916383598813984E-001
   0.113684062164054467E-011   0.161380729365077275E+000   0.898928015875538888E-001
   0.425343450448550497E-011  -0.536475228798960480E-005   0.186226456322686501E+000
  -0.120495058697565470E-011   0.342950456991286678E-006   0.106215225850725403E-001
  -0.493839059804539106E-011  -0.604414509042860093E+000  -0.342451653083556407E+000
  -0.493834140247173536E-011   0.604431654555047326E+000  -0.342460554991719679E+000
  -0.310786761963298602E-012   0.334165332028309559E+000   0.256698085187440084E-005
   0.880429334164078067E-013  -0.332297224645908273E-002   0.168216216067662572E-006
   0.360812169152516864E-012  -0.569929989666401959E+000  -0.345477378225064025E+000
   0.360822483003175876E-012  -0.569911959060330764E+000   0.345467850389653830E+000
Freq                            
Normalmodes                     
       144       144         2
  -0.195619072443269058E-001  -0.225250687296798063E+000   0.427102748870133664E+000
   0.303710793300397928E-001  -0.330468860253008700E+000   0.427102748870133664E+000
   0.807611667329143773E-001  -0.174112433782906945E+000   0.344756656503714565E+000
  -0.168421952628748206E+000  -0.174112433782907028E+000   0.509448841236551209E+000
  -0.105592856945095834E-001  -0.121952911710783325E-001  -0.687043942634140981E-001
   0.289632062421118219E+000  -0.999827092587843719E-001  -0.687043942634140842E-001
   0.486471839068814305E+000   0.304712474635295480E-001  -0.137408788526828224E+000
  -0.799389076625556361E+000   0.304712474635295584E-001   0.000000000000000000E+000
   0.800177425383227434E-002   0.337644481096634530E+000   0.382446527510447026E-001
  -0.124232528867903400E-001  -0.110001608899131104E+000   0.382446527510446957E-001
  -0.330352565627413663E-001   0.555209931926430533E+000  -0.312093176148515727E+000
   0.688927939128077260E-001   0.555209931926430422E+000   0.388582481650604272E+000
   0.263777249004786551E+000  -0.125563829668729865E+000  -0.136107358855835275E+000
  -0.131298788346167466E-001  -0.299475756915767666E+000  -0.136107358855835359E+000
  -0.448646894890046485E-001  -0.410389612474771695E-001  -0.272214717711670551E+000
   0.841584608364571940E+000  -0.410389612474774262E-001   0.000000000000000000E+000
  -0.462244008936168529E-001  -0.271582540071522369E-001  -0.467945265966369095E-001
  -0.240233178913865975E+000  -0.869502180379418538E-001  -0.467945265966368609E-001
   0.724117794801414361E+000   0.190190289152781405E-002  -0.935890531932738606E-001
  -0.627981872190352841E+000   0.190190289152790014E-002   0.000000000000000000E+000
   0.342046304528976830E+000   0.531670785357155548E-001   0.747704085117025935E-001
   0.188610101728650427E-001   0.148705379731404658E+000   0.747704085117027878E-001
   0.902748664251178168E+000   0.673344706727262588E-002   0.149540817023405187E+000
   0.954936976564545736E-001   0.673344706727266925E-002   0.000000000000000000E+000
   0.173655228384804433E+000   0.269574750676382746E-011  -0.503784288277519535E-012
  -0.426105711950864330E-001  -0.141878648650165141E-011  -0.484505152170907679E-011
  -0.695711219140905723E+000  -0.207490242617834689E-010   0.528573303030737764E-010
  -0.695711219140905057E+000   0.111679675230569050E-010   0.300356189575454380E-010
  -0.304216301754944989E-011   0.147103557690351383E+000  -0.178298187584670146E-006
   0.746471518082198691E-012  -0.793948232630426326E-001  -0.286762551650929253E-006
   0.121878975364556332E-010  -0.245744751082008883E+000   0.652413870224911152E+000
   0.121877921095323653E-010  -0.245738712958521760E+000  -0.652407196129105471E+000
  -0.874513870236580652E-011  -0.764477907887112698E-006   0.805524849665341901E-002
   0.214583681528792930E-011   0.391358231736780936E-006  -0.833734753581405613E-001
   0.350356666951411851E-010  -0.346314625355905903E+000   0.613639469894570522E+000
   0.350355113759397939E-010   0.346317516724581109E+000   0.613645610625101590E+000
  -0.761683514847358087E-012  -0.458044441782343724E-006  -0.584565775094760154E+000
   0.186892127882437910E-012   0.216000706518498323E-006   0.408158074235410395E+000
   0.305076643512104784E-011  -0.433160491051503282E+000   0.241278425660065132E+000
   0.305139744274878111E-011   0.433162516820438326E+000   0.241281547883072961E+000
   0.125278229060814221E-011  -0.158010347938949745E-005   0.548500761626262365E-001
  -0.307400635974205985E-012   0.874917110512981656E-007   0.270970679873336600E-002
  -0.501902492319271878E-011  -0.614283423839760645E+000  -0.348043223331747975E+000
  -0.501897492435091322E-011   0.614300849304854957E+000  -0.348052270590778701E+000
  -0.950601438737726502E-013   0.102210931828522991E+000   0.785160756394175213E-006
   0.233254552051487920E-013  -0.880364127761889626E-003   0.445659823044317586E-007
   0.380816004081640843E-012  -0.601527553188781039E+000  -0.364631034993329661E+000
   0.380826889743850877E-012  -0.601508522945507162E+000   0.364620978923943295E+000
Freq Symmetry                   
Frequencies_A                   
         6         6         2
   0.115075037834427872E+004   0.122076432543476994E+004   0.147603930700844489E+004
   0.174704231359736468E+004   0.278554199242465120E+004   0.283620089587544953E+004
Freq Symmetry                   
IR intensities_A                
         6         6         2
   0.335872441935043531E+001   0.878315675439772292E+001   0.106357050257068657E+002
   0.105875491198770263E+003   0.787390888925355767E+002   0.151577036768431043E+003

