General                         
runtype                         
       160       160         3
Geometry                        
mass                            
         5         5         2
   0.929063759999999945E+002   0.110093049999999995E+002   0.100782499999999997E+001
   0.120000000000000000E+002   0.159949139999999996E+002
Geometry                        
xyz                             
       108       108         2
   0.263788192595641569E+001   0.124967588645588684E+000   0.911792855307675017E-002
  -0.170621104153997116E+001  -0.126148667473707427E+000  -0.626255237821685996E-002
   0.175292885080197386E+000  -0.223473342362942384E+001  -0.774409766020901953E-002
   0.115995924894586189E+001   0.307426504164360637E+001   0.146151418506726607E-001
   0.213383527663783346E+001  -0.388443409512769389E+001   0.433364656147744221E+001
   0.686727229711816012E+001  -0.299965487477675108E+001   0.274630874182996720E+001
   0.759112055093882887E+001   0.202716212660827244E+001   0.268055761103706525E+001
   0.330631396116175358E+001   0.425730729520622120E+001   0.421390406556745134E+001
  -0.963363481258651955E-001   0.608055285511907351E+000   0.515863484723370114E+001
   0.333596754351509661E+001   0.428712906318468878E+001  -0.416114858133610532E+001
   0.760965309504660681E+001   0.204466099052568007E+001  -0.261474222955591307E+001
   0.688496013364806636E+001  -0.298134531835172334E+001  -0.272176875837084697E+001
   0.216226053700993281E+001  -0.385318369419873452E+001  -0.434761730671949387E+001
  -0.611288606911765189E-001   0.645804454584707588E+000  -0.515532593678884421E+001
  -0.795671263625777136E+001  -0.121195695300108652E+000   0.470841326713320907E+001
  -0.120123578080356825E+002  -0.703941878820024819E-001   0.228373969122878995E+001
  -0.119964652113245176E+002  -0.507467053604814602E-001  -0.236590876259560501E+001
  -0.792428115650069209E+001  -0.814793213311938297E-001  -0.476316241242641958E+001
   0.183623175784378301E+001   0.358755056198726552E+000  -0.448469237064789272E+001
   0.363668344123700527E+001   0.228401370151691330E+001  -0.396257616012215585E+001
   0.588780268009621821E+001   0.109879070400606049E+001  -0.316178392767026883E+001
   0.550335112804987592E+001  -0.156480094588084451E+001  -0.321419926119911636E+001
   0.301487283926129601E+001  -0.202669725398152512E+001  -0.405686593485465696E+001
   0.180561441516669485E+001   0.326321686715523196E+000   0.449883130151506805E+001
   0.298784597622168890E+001  -0.205571777808299672E+001   0.406183780428950580E+001
   0.548188383926999112E+001  -0.158707514771610181E+001   0.323948946592985720E+001
   0.586590075430758429E+001   0.107692279328767615E+001   0.320904786778239348E+001
   0.360900651241040160E+001   0.225575095759156286E+001   0.400299551220956751E+001
  -0.574901552429857698E+001  -0.131198015679680730E+000   0.129412224491565175E+001
  -0.574005633274000004E+001  -0.120367995257363039E+000  -0.133403892985381556E+001
  -0.796892404647745511E+001  -0.114090325070146256E+000   0.266291323820803338E+001
  -0.795053701128130275E+001  -0.916120328133902123E-001  -0.271780600268674322E+001
  -0.102278818693031255E+002  -0.857179770295463800E-001   0.128195051894459100E+001
  -0.102188697654130500E+002  -0.745893798794802915E-001  -0.135213116777446962E+001
  -0.328592759572536153E+001  -0.132740032197672553E+000  -0.218489567653506267E+001
  -0.330068635676153344E+001  -0.150541252295078365E+000   0.216148574929868698E+001
Geometry                        
atom order index                
        72        72         1
           1           2           3           4          19          20          21          22
          23          24          25          26          27          28           5           6
           7           8           9          10          11          12          13          14
          35          36          29          30          31          32          33          34
          15          16          17          18           1           2           3           4
          15          16          17          18          19          20          21          22
          23          24          33          34          35          36           5           6
           7           8           9          10          11          12          13          14
          27          28          29          30          31          32          25          26
Geometry                        
fragment and atomtype index     
        72        72         1
           1           2           3           4           5           6           7           8
           9          10          11          12          13          14          15          16
          17          18          19          20          21          22          23          24
          25          26          27          28          29          30          31          32
          33          34          35          36           1           2           3           3
           3           3           3           3           3           3           3           3
           3           3           3           3           3           3           4           4
           4           4           4           4           4           4           4           4
           4           4           4           4           4           4           5           5
Geometry                        
xyz InputOrder                  
       108       108         2
   0.263788192595641569E+001   0.124967588645588684E+000   0.911792855307675017E-002
  -0.170621104153997116E+001  -0.126148667473707427E+000  -0.626255237821685996E-002
   0.175292885080197386E+000  -0.223473342362942384E+001  -0.774409766020901953E-002
   0.115995924894586189E+001   0.307426504164360637E+001   0.146151418506726607E-001
   0.183623175784378301E+001   0.358755056198726552E+000  -0.448469237064789272E+001
   0.363668344123700527E+001   0.228401370151691330E+001  -0.396257616012215585E+001
   0.588780268009621821E+001   0.109879070400606049E+001  -0.316178392767026883E+001
   0.550335112804987592E+001  -0.156480094588084451E+001  -0.321419926119911636E+001
   0.301487283926129601E+001  -0.202669725398152512E+001  -0.405686593485465696E+001
   0.180561441516669485E+001   0.326321686715523196E+000   0.449883130151506805E+001
   0.298784597622168890E+001  -0.205571777808299672E+001   0.406183780428950580E+001
   0.548188383926999112E+001  -0.158707514771610181E+001   0.323948946592985720E+001
   0.586590075430758429E+001   0.107692279328767615E+001   0.320904786778239348E+001
   0.360900651241040160E+001   0.225575095759156286E+001   0.400299551220956751E+001
   0.213383527663783346E+001  -0.388443409512769389E+001   0.433364656147744221E+001
   0.686727229711816012E+001  -0.299965487477675108E+001   0.274630874182996720E+001
   0.759112055093882887E+001   0.202716212660827244E+001   0.268055761103706525E+001
   0.330631396116175358E+001   0.425730729520622120E+001   0.421390406556745134E+001
  -0.963363481258651955E-001   0.608055285511907351E+000   0.515863484723370114E+001
   0.333596754351509661E+001   0.428712906318468878E+001  -0.416114858133610532E+001
   0.760965309504660681E+001   0.204466099052568007E+001  -0.261474222955591307E+001
   0.688496013364806636E+001  -0.298134531835172334E+001  -0.272176875837084697E+001
   0.216226053700993281E+001  -0.385318369419873452E+001  -0.434761730671949387E+001
  -0.611288606911765189E-001   0.645804454584707588E+000  -0.515532593678884421E+001
  -0.328592759572536153E+001  -0.132740032197672553E+000  -0.218489567653506267E+001
  -0.330068635676153344E+001  -0.150541252295078365E+000   0.216148574929868698E+001
  -0.574901552429857698E+001  -0.131198015679680730E+000   0.129412224491565175E+001
  -0.574005633274000004E+001  -0.120367995257363039E+000  -0.133403892985381556E+001
  -0.796892404647745511E+001  -0.114090325070146256E+000   0.266291323820803338E+001
  -0.795053701128130275E+001  -0.916120328133902123E-001  -0.271780600268674322E+001
  -0.102278818693031255E+002  -0.857179770295463800E-001   0.128195051894459100E+001
  -0.102188697654130500E+002  -0.745893798794802915E-001  -0.135213116777446962E+001
  -0.795671263625777136E+001  -0.121195695300108652E+000   0.470841326713320907E+001
  -0.120123578080356825E+002  -0.703941878820024819E-001   0.228373969122878995E+001
  -0.119964652113245176E+002  -0.507467053604814602E-001  -0.236590876259560501E+001
  -0.792428115650069209E+001  -0.814793213311938297E-001  -0.476316241242641958E+001
Geometry                        
qtch                            
         5         5         2
   0.410000000000000000E+002   0.500000000000000000E+001   0.100000000000000000E+001
   0.600000000000000000E+001   0.800000000000000000E+001
Geometry                        
ntyp                            
         1         1         1
           5
Geometry                        
nqptr                           
         6         6         1
           1           2           3          19          35          37
GeoOpt                          
Gradients_CART                  
       108       108         2
   0.382380123187114895E-004   0.147802248598167922E-003   0.772244779193048030E-006
  -0.162655229992966777E-003  -0.698032890511721127E-004  -0.694214815072366552E-005
   0.577253212951734165E-004   0.183389036152135920E-004   0.117402460121498531E-005
  -0.132530876649477464E-004   0.389185685491996725E-004  -0.651589620442332329E-006
  -0.543415332711176535E-004  -0.942039016980991684E-004   0.174395569640505704E-004
   0.720409581590128467E-004  -0.755420606905962688E-004  -0.538477191882637263E-005
   0.951031116349435046E-004   0.510481152602021426E-004  -0.229526827437379760E-004
  -0.333343997425111088E-004   0.139877170539648432E-003   0.157370569450424741E-004
  -0.725749102103989685E-004   0.236332149868741237E-004   0.746169795136919500E-004
  -0.324368254042677745E-004   0.138832725912377275E-003  -0.160355799028368690E-004
   0.988143728985896308E-004   0.522697004745817373E-004   0.248911651800284850E-004
   0.731124894051277119E-004  -0.767407177677675856E-004   0.686873958038146382E-005
  -0.581318643390928147E-004  -0.101769968287736268E-003  -0.187632556635144304E-004
  -0.707123452899499627E-004   0.223636258590859810E-004  -0.757283430308786087E-004
  -0.580868319601337592E-005   0.813084338704611934E-005   0.111253782680731383E-003
  -0.113008250328901216E-003   0.155430467949518349E-004   0.477052813956345412E-004
  -0.105468664762957409E-003   0.154197943497029000E-004  -0.417310090664382849E-004
  -0.325765490456100641E-004  -0.198758711235346710E-004   0.682821335644347160E-002
  -0.417860964070943669E-004  -0.568549630222726660E-004  -0.931780901140388113E-004
  -0.510877247883268024E-004   0.135528120503609906E-003  -0.815441384706214883E-004
   0.114622779386112927E-003   0.522699310827056968E-004  -0.731761549218293717E-004
   0.160549533720093576E-003  -0.156783803860078078E-003  -0.111980634636892648E-003
  -0.246668403013081475E-004  -0.766425328739654688E-004  -0.628074580734695742E-004
  -0.383157893237805192E-004  -0.528486946397424074E-004   0.837794776489975829E-004
  -0.293745664836373224E-004  -0.914877015723031956E-004   0.650900521610760924E-004
   0.163619291588047375E-003  -0.159311045945015675E-003   0.100772446384490627E-003
   0.121841385070329059E-003   0.573418728450202520E-004   0.835359930568498922E-004
  -0.567362240462879718E-004   0.138184425059528770E-003   0.868829504147780596E-004
   0.914208354609678114E-004   0.107023681441514688E-004   0.131512232661491063E-003
   0.193597933745494333E-003   0.461446669037916552E-005  -0.350873816477845213E-003
   0.367586510641344788E-004   0.109615664963334233E-004   0.242766668779106909E-003
   0.560186032321774441E-004   0.361718598382129893E-004  -0.679120931522624385E-002
  -0.211485470887135679E-003  -0.282342202529271987E-005   0.134108132816163420E-003
  -0.294857822079885867E-003   0.894808496138216423E-005  -0.315036517750862458E-003
   0.661324727539019941E-004  -0.447291476390635975E-004  -0.117812870855757423E-003
   0.630171258329884076E-004  -0.474835337518620098E-004   0.128688234618368202E-003
GeoOpt                          
Gradients_InputOrder            
       108       108         2
   0.382380123187114895E-004   0.147802248598167922E-003   0.772244779193048030E-006
  -0.162655229992966777E-003  -0.698032890511721127E-004  -0.694214815072366552E-005
   0.577253212951734165E-004   0.183389036152135920E-004   0.117402460121498531E-005
  -0.132530876649477464E-004   0.389185685491996725E-004  -0.651589620442332329E-006
  -0.417860964070943669E-004  -0.568549630222726660E-004  -0.931780901140388113E-004
  -0.510877247883268024E-004   0.135528120503609906E-003  -0.815441384706214883E-004
   0.114622779386112927E-003   0.522699310827056968E-004  -0.731761549218293717E-004
   0.160549533720093576E-003  -0.156783803860078078E-003  -0.111980634636892648E-003
  -0.246668403013081475E-004  -0.766425328739654688E-004  -0.628074580734695742E-004
  -0.383157893237805192E-004  -0.528486946397424074E-004   0.837794776489975829E-004
  -0.293745664836373224E-004  -0.914877015723031956E-004   0.650900521610760924E-004
   0.163619291588047375E-003  -0.159311045945015675E-003   0.100772446384490627E-003
   0.121841385070329059E-003   0.573418728450202520E-004   0.835359930568498922E-004
  -0.567362240462879718E-004   0.138184425059528770E-003   0.868829504147780596E-004
  -0.543415332711176535E-004  -0.942039016980991684E-004   0.174395569640505704E-004
   0.720409581590128467E-004  -0.755420606905962688E-004  -0.538477191882637263E-005
   0.951031116349435046E-004   0.510481152602021426E-004  -0.229526827437379760E-004
  -0.333343997425111088E-004   0.139877170539648432E-003   0.157370569450424741E-004
  -0.725749102103989685E-004   0.236332149868741237E-004   0.746169795136919500E-004
  -0.324368254042677745E-004   0.138832725912377275E-003  -0.160355799028368690E-004
   0.988143728985896308E-004   0.522697004745817373E-004   0.248911651800284850E-004
   0.731124894051277119E-004  -0.767407177677675856E-004   0.686873958038146382E-005
  -0.581318643390928147E-004  -0.101769968287736268E-003  -0.187632556635144304E-004
  -0.707123452899499627E-004   0.223636258590859810E-004  -0.757283430308786087E-004
   0.661324727539019941E-004  -0.447291476390635975E-004  -0.117812870855757423E-003
   0.630171258329884076E-004  -0.474835337518620098E-004   0.128688234618368202E-003
   0.914208354609678114E-004   0.107023681441514688E-004   0.131512232661491063E-003
   0.193597933745494333E-003   0.461446669037916552E-005  -0.350873816477845213E-003
   0.367586510641344788E-004   0.109615664963334233E-004   0.242766668779106909E-003
   0.560186032321774441E-004   0.361718598382129893E-004  -0.679120931522624385E-002
  -0.211485470887135679E-003  -0.282342202529271987E-005   0.134108132816163420E-003
  -0.294857822079885867E-003   0.894808496138216423E-005  -0.315036517750862458E-003
  -0.580868319601337592E-005   0.813084338704611934E-005   0.111253782680731383E-003
  -0.113008250328901216E-003   0.155430467949518349E-004   0.477052813956345412E-004
  -0.105468664762957409E-003   0.154197943497029000E-004  -0.417310090664382849E-004
  -0.325765490456100641E-004  -0.198758711235346710E-004   0.682821335644347160E-002

