General                         
runtype                         
       160       160         3
Geometry                        
mass                            
         2         2         2
   0.309737609999999997E+002   0.189984029999999997E+002
Geometry                        
xyz                             
        12        12         2
   0.000000000000000000E+000   0.000000000000000000E+000   0.188972612462577017E+001
  -0.134706023863651381E+001   0.233317677814042979E+001   0.342655662912206527E+001
  -0.134706023863651381E+001  -0.233317677814042979E+001   0.342655662912206527E+001
   0.269412047727302761E+001   0.000000000000000000E+000   0.342655662912206527E+001
Geometry                        
atom order index                
         8         8         1
           1           2           3           4           1           2           3           4
Geometry                        
fragment and atomtype index     
         8         8         1
           1           2           3           4           1           2           2           2
Geometry                        
xyz InputOrder                  
        12        12         2
   0.000000000000000000E+000   0.000000000000000000E+000   0.188972612462577017E+001
  -0.134706023863651381E+001   0.233317677814042979E+001   0.342655662912206527E+001
  -0.134706023863651381E+001  -0.233317677814042979E+001   0.342655662912206527E+001
   0.269412047727302761E+001   0.000000000000000000E+000   0.342655662912206527E+001
Geometry                        
ntyp                            
         1         1         1
           2
Geometry                        
nqptr                           
         3         3         1
           1           2           5
Geometry                        
nnuc                            
         1         1         1
           4
Geometry                        
qtch                            
         2         2         2
   0.150000000000000000E+002   0.900000000000000000E+001
Properties                      
NMR Shieldings InputOrder       
         4         4         2
   0.142122136334845351E+003   0.987654321000000000E+010   0.154479488099249096E+003
   0.987654321000000000E+010
Properties                      
NMR Shielding Tensor InputOrder 
        36        36         2
   0.621856215647951558E+002   0.804323141583053492E-006   0.294958982988937192E-002
   0.804439586615542657E-006   0.621814405562465708E+002  -0.978646900708901696E-006
   0.526360648821235151E-003  -0.978627072956420253E-006   0.301999346883494354E+003
   0.000000000000000000E+000   0.000000000000000000E+000   0.000000000000000000E+000
   0.000000000000000000E+000   0.000000000000000000E+000   0.000000000000000000E+000
   0.000000000000000000E+000   0.000000000000000000E+000   0.000000000000000000E+000
   0.146593194596755211E+003   0.201936979688220219E+002  -0.841385690227899232E+002
   0.201945725514730654E+002   0.169914393145812312E+003  -0.145735831304604233E+003
  -0.749463210298135891E+002  -0.129811008271361914E+003   0.146930876555179736E+003
   0.000000000000000000E+000   0.000000000000000000E+000   0.000000000000000000E+000
   0.000000000000000000E+000   0.000000000000000000E+000   0.000000000000000000E+000
   0.000000000000000000E+000   0.000000000000000000E+000   0.000000000000000000E+000
