General                         
runtype                         
       160       160         3
Geometry                        
mass                            
         2         2         2
   0.120000000000000000E+002   0.100782499999999997E+001
Geometry                        
xyz                             
        12        12         2
   0.000000000000000000E+000   0.000000000000000000E+000   0.000000000000000000E+000
   0.000000000000000000E+000   0.228074825433333439E+001   0.000000000000000000E+000
   0.000000000000000000E+000   0.428348000121172579E+001   0.000000000000000000E+000
   0.000000000000000000E+000  -0.200273174687839139E+001   0.000000000000000000E+000
Geometry                        
atom order index                
         8         8         1
           1           2           3           4           1           2           3           4
Geometry                        
fragment and atomtype index     
         8         8         1
           1           2           3           4           1           1           2           2
Geometry                        
xyz InputOrder                  
        12        12         2
   0.000000000000000000E+000   0.000000000000000000E+000   0.000000000000000000E+000
   0.000000000000000000E+000   0.228074825433333439E+001   0.000000000000000000E+000
   0.000000000000000000E+000   0.428348000121172579E+001   0.000000000000000000E+000
   0.000000000000000000E+000  -0.200273174687839139E+001   0.000000000000000000E+000
Geometry                        
Atomic Distances                
        25        25         2
   0.200273174687839139E+001   0.200273174687839139E+001   0.200273174687839139E+001
   0.200273174687839139E+001   0.200273174687839139E+001   0.200273174687839139E+001
   0.000000000000000000E+000   0.228074825433333439E+001   0.428348000121172579E+001
   0.200273174687839139E+001   0.200273174687839139E+001   0.228074825433333439E+001
   0.000000000000000000E+000   0.200273174687839139E+001   0.428348000121172579E+001
   0.200273174687839139E+001   0.428348000121172579E+001   0.200273174687839139E+001
   0.000000000000000000E+000   0.628621174809011762E+001   0.200273174687839139E+001
   0.200273174687839139E+001   0.428348000121172579E+001   0.628621174809011762E+001
   0.000000000000000000E+000
Geometry                        
ntyp                            
         1         1         1
           2
Geometry                        
nqptr                           
         3         3         1
           1           3           5
Geometry                        
nnuc                            
         1         1         1
           4
Geometry                        
qtch                            
         2         2         2
   0.600000000000000000E+001   0.100000000000000000E+001
Properties                      
NMR Coupling K tens InputOrder  
       144       144         2
   0.000000000000000000E+000   0.000000000000000000E+000   0.000000000000000000E+000
   0.000000000000000000E+000   0.000000000000000000E+000   0.000000000000000000E+000
   0.000000000000000000E+000   0.000000000000000000E+000   0.000000000000000000E+000
   0.244306872258066107E+003   0.406504294318942427E-007  -0.157362328195484960E-008
  -0.351801003080180522E-007   0.330544414417759924E+003   0.181320140685709477E-007
  -0.157318646904989871E-008  -0.274685037943602230E-007   0.244306872896176827E+003
   0.144879598459872323E+002  -0.487472091053271178E-008   0.146692738595839343E-009
  -0.160148724695990360E-008   0.197722580435639337E+002  -0.301154758340853286E-010
   0.146711803350188738E-009   0.679161085884519877E-009   0.144879598294069734E+002
   0.875812723854537580E+002   0.181028986597362413E-008  -0.856616251945406615E-009
   0.100155168186632063E-008   0.868582693153951340E+002   0.622789363905119072E-009
  -0.856555029763854075E-009  -0.113640195345218155E-008   0.875812722494605964E+002
   0.000000000000000000E+000   0.000000000000000000E+000   0.000000000000000000E+000
   0.000000000000000000E+000   0.000000000000000000E+000   0.000000000000000000E+000
   0.000000000000000000E+000   0.000000000000000000E+000   0.000000000000000000E+000
   0.000000000000000000E+000   0.000000000000000000E+000   0.000000000000000000E+000
   0.000000000000000000E+000   0.000000000000000000E+000   0.000000000000000000E+000
   0.000000000000000000E+000   0.000000000000000000E+000   0.000000000000000000E+000
   0.000000000000000000E+000   0.000000000000000000E+000   0.000000000000000000E+000
   0.000000000000000000E+000   0.000000000000000000E+000   0.000000000000000000E+000
   0.000000000000000000E+000   0.000000000000000000E+000   0.000000000000000000E+000
   0.000000000000000000E+000   0.000000000000000000E+000   0.000000000000000000E+000
   0.000000000000000000E+000   0.000000000000000000E+000   0.000000000000000000E+000
   0.000000000000000000E+000   0.000000000000000000E+000   0.000000000000000000E+000
   0.000000000000000000E+000   0.000000000000000000E+000   0.000000000000000000E+000
   0.000000000000000000E+000   0.000000000000000000E+000   0.000000000000000000E+000
   0.000000000000000000E+000   0.000000000000000000E+000   0.000000000000000000E+000
   0.000000000000000000E+000   0.000000000000000000E+000   0.000000000000000000E+000
   0.000000000000000000E+000   0.000000000000000000E+000   0.000000000000000000E+000
   0.000000000000000000E+000   0.000000000000000000E+000   0.000000000000000000E+000
   0.000000000000000000E+000   0.000000000000000000E+000   0.000000000000000000E+000
   0.000000000000000000E+000   0.000000000000000000E+000   0.000000000000000000E+000
   0.000000000000000000E+000   0.000000000000000000E+000   0.000000000000000000E+000
   0.300554849914618338E+000   0.138451593565037802E-009  -0.293687476283431557E-011
  -0.348350064321986130E-009   0.772302559426953916E+000   0.755511395941892360E-010
  -0.293608724727941941E-011   0.250951218177147328E-011   0.300554847283659388E+000
   0.000000000000000000E+000   0.000000000000000000E+000   0.000000000000000000E+000
   0.000000000000000000E+000   0.000000000000000000E+000   0.000000000000000000E+000
   0.000000000000000000E+000   0.000000000000000000E+000   0.000000000000000000E+000
   0.000000000000000000E+000   0.000000000000000000E+000   0.000000000000000000E+000
   0.000000000000000000E+000   0.000000000000000000E+000   0.000000000000000000E+000
   0.000000000000000000E+000   0.000000000000000000E+000   0.000000000000000000E+000
   0.000000000000000000E+000   0.000000000000000000E+000   0.000000000000000000E+000
   0.000000000000000000E+000   0.000000000000000000E+000   0.000000000000000000E+000
   0.000000000000000000E+000   0.000000000000000000E+000   0.000000000000000000E+000
   0.000000000000000000E+000   0.000000000000000000E+000   0.000000000000000000E+000
   0.000000000000000000E+000   0.000000000000000000E+000   0.000000000000000000E+000
   0.000000000000000000E+000   0.000000000000000000E+000   0.000000000000000000E+000
Properties                      
NMR Coupling J tens InputOrder  
       144       144         2
   0.000000000000000000E+000   0.000000000000000000E+000   0.000000000000000000E+000
   0.000000000000000000E+000   0.000000000000000000E+000   0.000000000000000000E+000
   0.000000000000000000E+000   0.000000000000000000E+000   0.000000000000000000E+000
   0.185627628176579577E+003   0.308867398205283831E-007  -0.119566001059587178E-008
  -0.267303106082638568E-007   0.251152065794413375E+003   0.137769467330326846E-007
  -0.119532811431005095E-008  -0.208709364651862213E-007   0.185627628661424609E+003
   0.437686801335863436E+002  -0.147267180846519214E-007   0.443164366948421920E-009
  -0.483815414974525936E-008   0.597327468482163937E+002  -0.909800029034392786E-010
   0.443221962299583444E-009   0.205177158435402464E-008   0.437686800834967471E+002
   0.264586369473763227E+003   0.546895483802835698E-008  -0.258787041979652048E-008
   0.302572589010894811E-008   0.262402149580459138E+003   0.188147045885917204E-008
  -0.258768546524736810E-008  -0.343311371183897236E-008   0.264586369062922756E+003
   0.000000000000000000E+000   0.000000000000000000E+000   0.000000000000000000E+000
   0.000000000000000000E+000   0.000000000000000000E+000   0.000000000000000000E+000
   0.000000000000000000E+000   0.000000000000000000E+000   0.000000000000000000E+000
   0.000000000000000000E+000   0.000000000000000000E+000   0.000000000000000000E+000
   0.000000000000000000E+000   0.000000000000000000E+000   0.000000000000000000E+000
   0.000000000000000000E+000   0.000000000000000000E+000   0.000000000000000000E+000
   0.000000000000000000E+000   0.000000000000000000E+000   0.000000000000000000E+000
   0.000000000000000000E+000   0.000000000000000000E+000   0.000000000000000000E+000
   0.000000000000000000E+000   0.000000000000000000E+000   0.000000000000000000E+000
   0.000000000000000000E+000   0.000000000000000000E+000   0.000000000000000000E+000
   0.000000000000000000E+000   0.000000000000000000E+000   0.000000000000000000E+000
   0.000000000000000000E+000   0.000000000000000000E+000   0.000000000000000000E+000
   0.000000000000000000E+000   0.000000000000000000E+000   0.000000000000000000E+000
   0.000000000000000000E+000   0.000000000000000000E+000   0.000000000000000000E+000
   0.000000000000000000E+000   0.000000000000000000E+000   0.000000000000000000E+000
   0.000000000000000000E+000   0.000000000000000000E+000   0.000000000000000000E+000
   0.000000000000000000E+000   0.000000000000000000E+000   0.000000000000000000E+000
   0.000000000000000000E+000   0.000000000000000000E+000   0.000000000000000000E+000
   0.000000000000000000E+000   0.000000000000000000E+000   0.000000000000000000E+000
   0.000000000000000000E+000   0.000000000000000000E+000   0.000000000000000000E+000
   0.000000000000000000E+000   0.000000000000000000E+000   0.000000000000000000E+000
   0.361018320979866791E+001   0.166304293076741940E-008  -0.352769418330061725E-010
  -0.418428634142746896E-008   0.927668854360455697E+001   0.907499764923378163E-009
  -0.352674824100936832E-010   0.301435786046716736E-010   0.361018317819630363E+001
   0.000000000000000000E+000   0.000000000000000000E+000   0.000000000000000000E+000
   0.000000000000000000E+000   0.000000000000000000E+000   0.000000000000000000E+000
   0.000000000000000000E+000   0.000000000000000000E+000   0.000000000000000000E+000
   0.000000000000000000E+000   0.000000000000000000E+000   0.000000000000000000E+000
   0.000000000000000000E+000   0.000000000000000000E+000   0.000000000000000000E+000
   0.000000000000000000E+000   0.000000000000000000E+000   0.000000000000000000E+000
   0.000000000000000000E+000   0.000000000000000000E+000   0.000000000000000000E+000
   0.000000000000000000E+000   0.000000000000000000E+000   0.000000000000000000E+000
   0.000000000000000000E+000   0.000000000000000000E+000   0.000000000000000000E+000
   0.000000000000000000E+000   0.000000000000000000E+000   0.000000000000000000E+000
   0.000000000000000000E+000   0.000000000000000000E+000   0.000000000000000000E+000
   0.000000000000000000E+000   0.000000000000000000E+000   0.000000000000000000E+000
Properties                      
NMR Coupling K const InputOrder 
        16        16         2
   0.000000000000000000E+000   0.273052719857334296E+003   0.162493925729860464E+002
   0.873402713167698295E+002   0.000000000000000000E+000   0.000000000000000000E+000
   0.000000000000000000E+000   0.000000000000000000E+000   0.000000000000000000E+000
   0.000000000000000000E+000   0.000000000000000000E+000   0.457804085541743844E+000
   0.000000000000000000E+000   0.000000000000000000E+000   0.000000000000000000E+000
   0.000000000000000000E+000
Properties                      
NMR Coupling J const InputOrder 
        16        16         2
   0.000000000000000000E+000   0.207469107544139206E+003   0.490900356884331686E+002
   0.263858296039048355E+003   0.000000000000000000E+000   0.000000000000000000E+000
   0.000000000000000000E+000   0.000000000000000000E+000   0.000000000000000000E+000
   0.000000000000000000E+000   0.000000000000000000E+000   0.549901831053317647E+001
   0.000000000000000000E+000   0.000000000000000000E+000   0.000000000000000000E+000
   0.000000000000000000E+000
