General                         
runtype                         
       160       160         3
Geometry                        
mass                            
         2         2         2
   0.309737609999999997E+002   0.189984029999999997E+002
Geometry                        
xyz                             
        12        12         2
   0.000000000000000000E+000   0.000000000000000000E+000   0.188972612462577017E+001
  -0.134706023863651381E+001   0.233317677814042979E+001   0.342655662912206527E+001
  -0.134706023863651381E+001  -0.233317677814042979E+001   0.342655662912206527E+001
   0.269412047727302761E+001   0.000000000000000000E+000   0.342655662912206527E+001
Geometry                        
atom order index                
         8         8         1
           1           2           3           4           1           2           3           4
Geometry                        
fragment and atomtype index     
         8         8         1
           1           2           3           4           1           2           2           2
Geometry                        
xyz InputOrder                  
        12        12         2
   0.000000000000000000E+000   0.000000000000000000E+000   0.188972612462577017E+001
  -0.134706023863651381E+001   0.233317677814042979E+001   0.342655662912206527E+001
  -0.134706023863651381E+001  -0.233317677814042979E+001   0.342655662912206527E+001
   0.269412047727302761E+001   0.000000000000000000E+000   0.342655662912206527E+001
Geometry                        
ntyp                            
         1         1         1
           2
Geometry                        
nqptr                           
         3         3         1
           1           2           5
Geometry                        
nnuc                            
         1         1         1
           4
Geometry                        
qtch                            
         2         2         2
   0.150000000000000000E+002   0.900000000000000000E+001
Properties                      
NMR Shieldings InputOrder       
         4         4         2
   0.142122136334801638E+003   0.154479488134704582E+003   0.154479488099280672E+003
   0.154482127067760786E+003
Properties                      
NMR Shielding Tensor InputOrder 
        36        36         2
   0.621856215648309671E+002   0.804338193648132589E-006   0.294958981385016724E-002
   0.804440178795194669E-006   0.621814405562112142E+002  -0.978623771483773106E-006
   0.526360626490670236E-003  -0.978610306895201962E-006   0.301999346883362705E+003
   0.146593195510033695E+003  -0.201936977695589377E+002  -0.841385660297096933E+002
  -0.201945723624314937E+002   0.169914393145239728E+003   0.145735831983411856E+003
  -0.749463180369430688E+002   0.129811008936784077E+003   0.146930875748840322E+003
   0.146593194596944784E+003   0.201936979688010751E+002  -0.841385690227421748E+002
   0.201945725512638532E+002   0.169914393145728866E+003  -0.145735831304621485E+003
  -0.749463210296187441E+002  -0.129811008271532842E+003   0.146930876555168368E+003
   0.181573691910748323E+003  -0.376377213884208311E-007   0.168277585581645951E+003
  -0.406851234731702989E-007   0.134936814183091201E+003  -0.104859007740980694E-005
   0.149890509576482060E+003  -0.104592171330287072E-005   0.146935875109442861E+003

