General                         
runtype                         
       160       160         3
Geometry                        
mass                            
         2         2         2
   0.309737609999999997E+002   0.189984029999999997E+002
Geometry                        
xyz                             
        12        12         2
   0.000000000000000000E+000   0.000000000000000000E+000   0.188972612462577017E+001
  -0.134706023863651381E+001   0.233317677814042979E+001   0.342655662912206527E+001
  -0.134706023863651381E+001  -0.233317677814042979E+001   0.342655662912206527E+001
   0.269412047727302761E+001   0.000000000000000000E+000   0.342655662912206527E+001
Geometry                        
atom order index                
         8         8         1
           1           2           3           4           1           2           3           4
Geometry                        
fragment and atomtype index     
         8         8         1
           1           2           3           4           1           2           2           2
Geometry                        
xyz InputOrder                  
        12        12         2
   0.000000000000000000E+000   0.000000000000000000E+000   0.188972612462577017E+001
  -0.134706023863651381E+001   0.233317677814042979E+001   0.342655662912206527E+001
  -0.134706023863651381E+001  -0.233317677814042979E+001   0.342655662912206527E+001
   0.269412047727302761E+001   0.000000000000000000E+000   0.342655662912206527E+001
Geometry                        
ntyp                            
         1         1         1
           2
Geometry                        
nqptr                           
         3         3         1
           1           2           5
Geometry                        
nnuc                            
         1         1         1
           4
Geometry                        
qtch                            
         2         2         2
   0.150000000000000000E+002   0.900000000000000000E+001
Properties                      
NMR Shieldings InputOrder       
         4         4         2
   0.142122136334921464E+003   0.987654321000000000E+010   0.987654321000000000E+010
   0.987654321000000000E+010
Properties                      
NMR Shielding Tensor InputOrder 
        36        36         2
   0.621856215648627995E+002   0.804320799941701298E-006   0.294958982651879033E-002
   0.804437031242299226E-006   0.621814405563316086E+002  -0.978671344116552865E-006
   0.526360635091708846E-003  -0.978644653528784800E-006   0.301999346883569956E+003
   0.000000000000000000E+000   0.000000000000000000E+000   0.000000000000000000E+000
   0.000000000000000000E+000   0.000000000000000000E+000   0.000000000000000000E+000
   0.000000000000000000E+000   0.000000000000000000E+000   0.000000000000000000E+000
   0.000000000000000000E+000   0.000000000000000000E+000   0.000000000000000000E+000
   0.000000000000000000E+000   0.000000000000000000E+000   0.000000000000000000E+000
   0.000000000000000000E+000   0.000000000000000000E+000   0.000000000000000000E+000
   0.000000000000000000E+000   0.000000000000000000E+000   0.000000000000000000E+000
   0.000000000000000000E+000   0.000000000000000000E+000   0.000000000000000000E+000
   0.000000000000000000E+000   0.000000000000000000E+000   0.000000000000000000E+000
